,Age
0,22.0
1,38.0
2,26.0
3,35.0
4,35.0
5,
6,54.0
7,2.0
8,27.0
9,14.0
10,4.0
11,58.0
12,20.0
13,39.0
14,14.0
15,55.0
16,2.0
17,
18,31.0
19,
20,35.0
21,34.0
22,15.0
23,28.0
24,8.0
25,38.0
26,
27,19.0
28,
29,
30,40.0
31,
32,
33,66.0
34,28.0
35,42.0
36,
37,21.0
38,18.0
39,14.0
40,40.0
41,27.0
42,
43,3.0
44,19.0
45,
46,
47,
48,
49,18.0
50,7.0
51,21.0
52,49.0
53,29.0
54,65.0
55,
56,21.0
57,28.5
58,5.0
59,11.0
60,22.0
61,38.0
62,45.0
63,4.0
64,
65,
66,29.0
67,19.0
68,17.0
69,26.0
70,32.0
71,16.0
72,21.0
73,26.0
74,32.0
75,25.0
76,
77,
78,0.83
79,30.0
80,22.0
81,29.0
82,
83,28.0
84,17.0
85,33.0
86,16.0
87,
88,23.0
89,24.0
90,29.0
91,20.0
92,46.0
93,26.0
94,59.0
95,
96,71.0
97,23.0
98,34.0
99,34.0
100,28.0
101,
102,21.0
103,33.0
104,37.0
105,28.0
106,21.0
107,
108,38.0
109,
110,47.0
111,14.5
112,22.0
113,20.0
114,17.0
115,21.0
116,70.5
117,29.0
118,24.0
119,2.0
120,21.0
121,
122,32.5
123,32.5
124,54.0
125,12.0
126,
127,24.0
128,
129,45.0
130,33.0
131,20.0
132,47.0
133,29.0
134,25.0
135,23.0
136,19.0
137,37.0
138,16.0
139,24.0
140,
141,22.0
142,24.0
143,19.0
144,18.0
145,19.0
146,27.0
147,9.0
148,36.5
149,42.0
150,51.0
151,22.0
152,55.5
153,40.5
154,
155,51.0
156,16.0
157,30.0
158,
159,
160,44.0
161,40.0
162,26.0
163,17.0
164,1.0
165,9.0
166,
167,45.0
168,
169,28.0
170,61.0
171,4.0
172,1.0
173,21.0
174,56.0
175,18.0
176,
177,50.0
178,30.0
179,36.0
180,
181,
182,9.0
183,1.0
184,4.0
185,
186,
187,45.0
188,40.0
189,36.0
190,32.0
191,19.0
192,19.0
193,3.0
194,44.0
195,58.0
196,
197,42.0
198,
199,24.0
200,28.0
201,
202,34.0
203,45.5
204,18.0
205,2.0
206,32.0
207,26.0
208,16.0
209,40.0
210,24.0
211,35.0
212,22.0
213,30.0
214,
215,31.0
216,27.0
217,42.0
218,32.0
219,30.0
220,16.0
221,27.0
222,51.0
223,
224,38.0
225,22.0
226,19.0
227,20.5
228,18.0
229,
230,35.0
231,29.0
232,59.0
233,5.0
234,24.0
235,
236,44.0
237,8.0
238,19.0
239,33.0
240,
241,
242,29.0
243,22.0
244,30.0
245,44.0
246,25.0
247,24.0
248,37.0
249,54.0
250,
251,29.0
252,62.0
253,30.0
254,41.0
255,29.0
256,
257,30.0
258,35.0
259,50.0
260,
261,3.0
262,52.0
263,40.0
264,
265,36.0
266,16.0
267,25.0
268,58.0
269,35.0
270,
271,25.0
272,41.0
273,37.0
274,
275,63.0
276,45.0
277,
278,7.0
279,35.0
280,65.0
281,28.0
282,16.0
283,19.0
284,
285,33.0
286,30.0
287,22.0
288,42.0
289,22.0
290,26.0
291,19.0
292,36.0
293,24.0
294,24.0
295,
296,23.5
297,2.0
298,
299,50.0
300,
301,
302,19.0
303,
304,
305,0.92
306,
307,17.0
308,30.0
309,30.0
310,24.0
311,18.0
312,26.0
313,28.0
314,43.0
315,26.0
316,24.0
317,54.0
318,31.0
319,40.0
320,22.0
321,27.0
322,30.0
323,22.0
324,
325,36.0
326,61.0
327,36.0
328,31.0
329,16.0
330,
331,45.5
332,38.0
333,16.0
334,
335,
336,29.0
337,41.0
338,45.0
339,45.0
340,2.0
341,24.0
342,28.0
343,25.0
344,36.0
345,24.0
346,40.0
347,
348,3.0
349,42.0
350,23.0
351,
352,15.0
353,25.0
354,
355,28.0
356,22.0
357,38.0
358,
359,
360,40.0
361,29.0
362,45.0
363,35.0
364,
365,30.0
366,60.0
367,
368,
369,24.0
370,25.0
371,18.0
372,19.0
373,22.0
374,3.0
375,
376,22.0
377,27.0
378,20.0
379,19.0
380,42.0
381,1.0
382,32.0
383,35.0
384,
385,18.0
386,1.0
387,36.0
388,
389,17.0
390,36.0
391,21.0
392,28.0
393,23.0
394,24.0
395,22.0
396,31.0
397,46.0
398,23.0
399,28.0
400,39.0
401,26.0
402,21.0
403,28.0
404,20.0
405,34.0
406,51.0
407,3.0
408,21.0
409,
410,
411,
412,33.0
413,
414,44.0
415,
416,34.0
417,18.0
418,30.0
419,10.0
420,
421,21.0
422,29.0
423,28.0
424,18.0
425,
426,28.0
427,19.0
428,
429,32.0
430,28.0
431,
432,42.0
433,17.0
434,50.0
435,14.0
436,21.0
437,24.0
438,64.0
439,31.0
440,45.0
441,20.0
442,25.0
443,28.0
444,
445,4.0
446,13.0
447,34.0
448,5.0
449,52.0
450,36.0
451,
452,30.0
453,49.0
454,
455,29.0
456,65.0
457,
458,50.0
459,
460,48.0
461,34.0
462,47.0
463,48.0
464,
465,38.0
466,
467,56.0
468,
469,0.75
470,
471,38.0
472,33.0
473,23.0
474,22.0
475,
476,34.0
477,29.0
478,22.0
479,2.0
480,9.0
481,
482,50.0
483,63.0
484,25.0
485,
486,35.0
487,58.0
488,30.0
489,9.0
490,
491,21.0
492,55.0
493,71.0
494,21.0
495,
496,54.0
497,
498,25.0
499,24.0
500,17.0
501,21.0
502,
503,37.0
504,16.0
505,18.0
506,33.0
507,
508,28.0
509,26.0
510,29.0
511,
512,36.0
513,54.0
514,24.0
515,47.0
516,34.0
517,
518,36.0
519,32.0
520,30.0
521,22.0
522,
523,44.0
524,
525,40.5
526,50.0
527,
528,39.0
529,23.0
530,2.0
531,
532,17.0
533,
534,30.0
535,7.0
536,45.0
537,30.0
538,
539,22.0
540,36.0
541,9.0
542,11.0
543,32.0
544,50.0
545,64.0
546,19.0
547,
548,33.0
549,8.0
550,17.0
551,27.0
552,
553,22.0
554,22.0
555,62.0
556,48.0
557,
558,39.0
559,36.0
560,
561,40.0
562,28.0
563,
564,
565,24.0
566,19.0
567,29.0
568,
569,32.0
570,62.0
571,53.0
572,36.0
573,
574,16.0
575,19.0
576,34.0
577,39.0
578,
579,32.0
580,25.0
581,39.0
582,54.0
583,36.0
584,
585,18.0
586,47.0
587,60.0
588,22.0
589,
590,35.0
591,52.0
592,47.0
593,
594,37.0
595,36.0
596,
597,49.0
598,
599,49.0
600,24.0
601,
602,
603,44.0
604,35.0
605,36.0
606,30.0
607,27.0
608,22.0
609,40.0
610,39.0
611,
612,
613,
614,35.0
615,24.0
616,34.0
617,26.0
618,4.0
619,26.0
620,27.0
621,42.0
622,20.0
623,21.0
624,21.0
625,61.0
626,57.0
627,21.0
628,26.0
629,
630,80.0
631,51.0
632,32.0
633,
634,9.0
635,28.0
636,32.0
637,31.0
638,41.0
639,
640,20.0
641,24.0
642,2.0
643,
644,0.75
645,48.0
646,19.0
647,56.0
648,
649,23.0
650,
651,18.0
652,21.0
653,
654,18.0
655,24.0
656,
657,32.0
658,23.0
659,58.0
660,50.0
661,40.0
662,47.0
663,36.0
664,20.0
665,32.0
666,25.0
667,
668,43.0
669,
670,40.0
671,31.0
672,70.0
673,31.0
674,
675,18.0
676,24.5
677,18.0
678,43.0
679,36.0
680,
681,27.0
682,20.0
683,14.0
684,60.0
685,25.0
686,14.0
687,19.0
688,18.0
689,15.0
690,31.0
691,4.0
692,
693,25.0
694,60.0
695,52.0
696,44.0
697,
698,49.0
699,42.0
700,18.0
701,35.0
702,18.0
703,25.0
704,26.0
705,39.0
706,45.0
707,42.0
708,22.0
709,
710,24.0
711,
712,48.0
713,29.0
714,52.0
715,19.0
716,38.0
717,27.0
718,
719,33.0
720,6.0
721,17.0
722,34.0
723,50.0
724,27.0
725,20.0
726,30.0
727,
728,25.0
729,25.0
730,29.0
731,11.0
732,
733,23.0
734,23.0
735,28.5
736,48.0
737,35.0
738,
739,
740,
741,36.0
742,21.0
743,24.0
744,31.0
745,70.0
746,16.0
747,30.0
748,19.0
749,31.0
750,4.0
751,6.0
752,33.0
753,23.0
754,48.0
755,0.67
756,28.0
757,18.0
758,34.0
759,33.0
760,
761,41.0
762,20.0
763,36.0
764,16.0
765,51.0
766,
767,30.5
768,
769,32.0
770,24.0
771,48.0
772,57.0
773,
774,54.0
775,18.0
776,
777,5.0
778,
779,43.0
780,13.0
781,17.0
782,29.0
783,
784,25.0
785,25.0
786,18.0
787,8.0
788,1.0
789,46.0
790,
791,16.0
792,
793,
794,25.0
795,39.0
796,49.0
797,31.0
798,30.0
799,30.0
800,34.0
801,31.0
802,11.0
803,0.42
804,27.0
805,31.0
806,39.0
807,18.0
808,39.0
809,33.0
810,26.0
811,39.0
812,35.0
813,6.0
814,30.5
815,
816,23.0
817,31.0
818,43.0
819,10.0
820,52.0
821,27.0
822,38.0
823,27.0
824,2.0
825,
826,
827,1.0
828,
829,62.0
830,15.0
831,0.83
832,
833,23.0
834,18.0
835,39.0
836,21.0
837,
838,32.0
839,
840,20.0
841,16.0
842,30.0
843,34.5
844,17.0
845,42.0
846,
847,35.0
848,28.0
849,
850,4.0
851,74.0
852,9.0
853,16.0
854,44.0
855,18.0
856,45.0
857,51.0
858,24.0
859,
860,41.0
861,21.0
862,48.0
863,
864,24.0
865,42.0
866,27.0
867,31.0
868,
869,4.0
870,26.0
871,47.0
872,33.0
873,47.0
874,28.0
875,15.0
876,20.0
877,19.0
878,
879,56.0
880,25.0
881,33.0
882,22.0
883,28.0
884,25.0
885,39.0
886,27.0
887,19.0
888,
889,26.0
890,32.0
